0 0 601.0 0.961 3.175
0 0 696.0 0.994 3.202
0 0 822.0 0.961 3.203
0 0 936.0 0.918 3.224
0 0 1033.0 0.913 3.291
0 0 1120.0 0.860 3.350
0 0 1224.0 0.806 3.212
0 0 1279.0 0.677 3.271
0 0 1328.0 0.550 3.187
0 0 1380.0 0.491 3.078
0 0 577.0 1.052 3.181
0 0 675.0 1.049 3.241
0 0 782.0 1.043 3.330
0 0 893.0 0.991 3.240
0 0 1012.0 0.952 3.232
0 0 1100.0 0.932 3.206
0 0 1177.0 0.870 3.225
0 0 1238.0 0.823 3.243
0 0 1275.0 0.719 3.265
0 0 1284.0 0.616 3.280
0 0 543.0 1.132 3.381
0 0 642.0 1.108 3.312
0 0 747.0 1.090 3.322
0 0 852.0 1.061 3.289
0 0 951.0 1.015 3.219
0 0 1059.0 0.967 3.107
0 0 1128.0 0.925 3.146
0 0 1180.0 0.907 3.177
0 0 1208.0 0.869 3.218
0 0 1228.0 0.844 3.239
0 0 524.0 1.125 3.033
0 0 622.0 1.132 2.993
0 0 722.0 1.128 3.001
0 0 821.0 1.104 3.017
0 0 917.0 1.088 3.011
0 0 998.0 1.062 3.039
0 0 1070.0 1.034 3.129
0 0 1115.0 0.983 3.053
0 0 1163.0 0.931 2.920
0 0 1187.0 0.896 2.989
0 0 497.0 1.092 2.870
0 0 579.0 1.142 2.919
0 0 667.0 1.164 2.989
0 0 752.0 1.174 3.053
0 0 834.0 1.165 3.065
0 0 914.0 1.148 3.082
0 0 984.0 1.123 3.095
0 0 1046.0 1.072 2.983
0 0 1083.0 1.050 3.004
0 0 1089.0 1.032 3.033
0 0 445.0 1.098 2.970
0 0 504.4 1.120 2.714
0 0 607.0 1.139 2.787
0 0 687.0 1.171 2.870
0 0 765.0 1.186 2.914
0 0 842.0 1.187 2.910
0 0 907.0 1.177 2.940
0 0 950.0 1.159 2.958
0 0 981.0 1.140 2.993
0 0 994.0 1.126 3.000
0 0 404.0 1.042 3.002
0 0 465.0 1.102 2.941
0 0 521.0 1.133 2.964
0 0 582.0 1.161 2.946
0 0 660.0 1.179 2.953
0 0 729.0 1.181 2.929
0 0 784.0 1.193 2.916
0 0 842.0 1.199 2.927
0 0 864.0 1.203 2.926
0 0 878.0 1.197 2.938
0 0 385.0 0.979 2.726
0 0 433.0 1.009 2.552
0 0 490.0 1.015 2.414
0 0 542.0 1.034 2.420
0 0 584.0 1.047 2.593
0 0 626.0 1.096 2.632
0 0 686.0 1.110 2.664
0 0 732.0 1.139 2.689
0 0 757.0 1.165 2.696
0 0 771.0 1.186 2.715
0 0 343.0 0.984 2.927
0 0 385.0 0.973 2.729
0 0 426.0 0.966 2.650
0 0 465.0 0.968 2.636
0 0 516.0 0.963 2.495
0 0 534.0 1.018 2.832
0 0 568.0 1.055 2.838
0 0 590.0 1.106 2.855
0 0 614.0 1.150 2.956
0 0 621.0 1.202 3.029
0 0 323.0 0.943 2.877
0 0 349.0 0.941 2.787
0 0 388.0 0.908 2.727
0 0 421.0 0.893 2.659
0 0 451.0 0.898 2.654
0 0 484.0 0.914 2.622
0 0 513.0 0.946 2.612
0 0 527.0 1.010 2.679
0 0 540.0 1.061 2.804
0 0 545.0 1.062 2.858
