-5.000000000000000000e+00 5.000000000000000000e+00 1.460000000000000000e+02 9.698761085346400135e-01 3.253483686947951536e+00
-4.000000000000000000e+00 5.000000000000000000e+00 1.670000000000000000e+02 1.018121259419370039e+00 3.249974251683892756e+00
-3.000000000000000000e+00 5.000000000000000000e+00 1.990000000000000000e+02 9.640150068077117940e-01 3.254642901402521105e+00
-2.000000000000000000e+00 5.000000000000000000e+00 2.380000000000000000e+02 9.051313899582765776e-01 3.250722361073449473e+00
-1.000000000000000000e+00 5.000000000000000000e+00 2.740000000000000000e+02 8.664239950980184846e-01 3.250628375705157058e+00
0.000000000000000000e+00 5.000000000000000000e+00 3.020000000000000000e+02 8.403424300581656681e-01 3.245041606481614327e+00
1.000000000000000000e+00 5.000000000000000000e+00 3.320000000000000000e+02 8.147765129950684804e-01 3.232652876750295334e+00
2.000000000000000000e+00 5.000000000000000000e+00 3.450000000000000000e+02 8.261073060458354878e-01 3.158828261850492147e+00
3.000000000000000000e+00 5.000000000000000000e+00 3.330000000000000000e+02 8.210922035125307605e-01 3.156370570863083813e+00
4.000000000000000000e+00 5.000000000000000000e+00 3.490000000000000000e+02 8.336579107774585440e-01 3.158452720189408147e+00
5.000000000000000000e+00 4.000000000000000000e+00 3.630000000000000000e+02 2.224043056695374221e-01 3.158523803281554354e+00
4.000000000000000000e+00 4.000000000000000000e+00 3.910000000000000000e+02 1.048513201752492296e-01 3.160127614910845484e+00
3.000000000000000000e+00 4.000000000000000000e+00 3.860000000000000000e+02 1.927584955300301606e-01 3.160630847673372656e+00
2.000000000000000000e+00 4.000000000000000000e+00 3.580000000000000000e+02 2.864130520033687510e-01 3.160961658086769877e+00
1.000000000000000000e+00 4.000000000000000000e+00 3.220000000000000000e+02 5.034527069506999908e-01 3.161545716178640220e+00
-0.000000000000000000e+00 4.000000000000000000e+00 2.820000000000000000e+02 8.602462345330559312e-01 3.163019360827357573e+00
-1.000000000000000000e+00 4.000000000000000000e+00 2.400000000000000000e+02 9.291199295989192031e-01 3.161647379233351263e+00
-2.000000000000000000e+00 4.000000000000000000e+00 2.020000000000000000e+02 9.946329225693912868e-01 3.255732333296559311e+00
-3.000000000000000000e+00 4.000000000000000000e+00 1.720000000000000000e+02 1.017620556333121318e+00 3.340264754035309647e+00
-4.000000000000000000e+00 4.000000000000000000e+00 1.410000000000000000e+02 1.060011807199334521e+00 3.331536417936540762e+00
-5.000000000000000000e+00 3.000000000000000000e+00 1.420000000000000000e+02 1.005308920623652735e+00 3.337445218736574848e+00
-4.000000000000000000e+00 3.000000000000000000e+00 1.670000000000000000e+02 1.019976745549130870e+00 3.341213265714838343e+00
-3.000000000000000000e+00 3.000000000000000000e+00 1.980000000000000000e+02 1.001675311342177022e+00 3.338898439779446115e+00
-2.000000000000000000e+00 3.000000000000000000e+00 2.340000000000000000e+02 9.516831052899130672e-01 3.337562192533190863e+00
-1.000000000000000000e+00 3.000000000000000000e+00 2.730000000000000000e+02 8.859622979049510683e-01 3.327107870375686449e+00
0.000000000000000000e+00 3.000000000000000000e+00 3.080000000000000000e+02 8.512497936726424186e-01 3.251725981199090842e+00
1.000000000000000000e+00 3.000000000000000000e+00 3.450000000000000000e+02 8.062893256171408396e-01 3.247419010115651705e+00
2.000000000000000000e+00 3.000000000000000000e+00 3.810000000000000000e+02 7.872154809370301987e-01 3.243369410221272897e+00
3.000000000000000000e+00 3.000000000000000000e+00 4.030000000000000000e+02 8.201052109110787969e-01 3.236922409122212407e+00
4.000000000000000000e+00 3.000000000000000000e+00 4.090000000000000000e+02 8.251695739416617936e-01 3.233009973617980037e+00
5.000000000000000000e+00 2.000000000000000000e+00 4.070000000000000000e+02 8.441777394895317865e-01 3.238118469149305234e+00
4.000000000000000000e+00 2.000000000000000000e+00 3.860000000000000000e+02 8.117308348449544519e-01 3.243786997643874237e+00
3.000000000000000000e+00 2.000000000000000000e+00 3.570000000000000000e+02 8.223994540486314619e-01 3.248002264089199898e+00
2.000000000000000000e+00 2.000000000000000000e+00 3.230000000000000000e+02 8.387751416255926351e-01 3.250881108041135281e+00
1.000000000000000000e+00 2.000000000000000000e+00 2.890000000000000000e+02 8.894946170589604906e-01 3.254264204856072151e+00
-0.000000000000000000e+00 2.000000000000000000e+00 2.520000000000000000e+02 9.562441570967721294e-01 3.254069107264286664e+00
-1.000000000000000000e+00 2.000000000000000000e+00 2.210000000000000000e+02 9.802975177609539736e-01 3.342041411957789698e+00
-2.000000000000000000e+00 2.000000000000000000e+00 1.900000000000000000e+02 1.004029382083761579e+00 3.343548387946883693e+00
-3.000000000000000000e+00 2.000000000000000000e+00 1.590000000000000000e+02 1.009419125545327311e+00 3.346314591703719810e+00
-4.000000000000000000e+00 2.000000000000000000e+00 1.370000000000000000e+02 9.724113436161736512e-01 3.344034459344110033e+00
-5.000000000000000000e+00 1.000000000000000000e+00 1.280000000000000000e+02 9.476903107599348175e-01 3.345710206863719005e+00
-4.000000000000000000e+00 1.000000000000000000e+00 1.510000000000000000e+02 9.885793175455179771e-01 3.346553127131619121e+00
-3.000000000000000000e+00 1.000000000000000000e+00 1.780000000000000000e+02 9.993311328397758153e-01 3.348974769771174032e+00
-2.000000000000000000e+00 1.000000000000000000e+00 2.070000000000000000e+02 9.806798026784497857e-01 3.347702329211458938e+00
-1.000000000000000000e+00 1.000000000000000000e+00 2.380000000000000000e+02 9.400882224773454698e-01 3.344958249832085784e+00
0.000000000000000000e+00 1.000000000000000000e+00 2.690000000000000000e+02 8.967870631613359400e-01 3.340899980563464933e+00
1.000000000000000000e+00 1.000000000000000000e+00 3.060000000000000000e+02 8.578444412166378319e-01 3.340311550504013738e+00
2.000000000000000000e+00 1.000000000000000000e+00 3.320000000000000000e+02 8.070627562763994511e-01 3.254017196602245754e+00
3.000000000000000000e+00 1.000000000000000000e+00 3.620000000000000000e+02 7.845483474870514895e-01 3.253953859992761100e+00
4.000000000000000000e+00 1.000000000000000000e+00 3.820000000000000000e+02 7.107529684563453909e-01 3.250380307271781177e+00
5.000000000000000000e+00 -0.000000000000000000e+00 3.430000000000000000e+02 7.630197930283340035e-01 3.254749052861083403e+00
4.000000000000000000e+00 -0.000000000000000000e+00 3.230000000000000000e+02 8.151959247622067029e-01 3.254175707872994927e+00
3.000000000000000000e+00 -0.000000000000000000e+00 3.000000000000000000e+02 8.529683789790150072e-01 3.255561209568834435e+00
2.000000000000000000e+00 -0.000000000000000000e+00 2.720000000000000000e+02 8.862106615913800667e-01 3.257793948766681158e+00
1.000000000000000000e+00 -0.000000000000000000e+00 2.440000000000000000e+02 9.130872253602402289e-01 3.347240804627927169e+00
-0.000000000000000000e+00 -0.000000000000000000e+00 2.140000000000000000e+02 9.578808741964066620e-01 3.349535660293986528e+00
-1.000000000000000000e+00 -0.000000000000000000e+00 1.880000000000000000e+02 9.873669614053772747e-01 3.352192154321065320e+00
-2.000000000000000000e+00 -0.000000000000000000e+00 1.620000000000000000e+02 1.008824995892581011e+00 3.350752495573549705e+00
-3.000000000000000000e+00 -0.000000000000000000e+00 1.400000000000000000e+02 1.001160069484215320e+00 3.349109460108196767e+00
-4.000000000000000000e+00 -0.000000000000000000e+00 1.230000000000000000e+02 9.625469256138270424e-01 3.352541115069853639e+00
-5.000000000000000000e+00 -1.000000000000000000e+00 1.110000000000000000e+02 9.448413947769357391e-01 3.354138389473234838e+00
-4.000000000000000000e+00 -1.000000000000000000e+00 1.310000000000000000e+02 9.774303543033494579e-01 3.424534220533764106e+00
-3.000000000000000000e+00 -1.000000000000000000e+00 1.500000000000000000e+02 9.932456197562056222e-01 3.425328989258154877e+00
-2.000000000000000000e+00 -1.000000000000000000e+00 1.710000000000000000e+02 9.847559800417035047e-01 3.425310054287618922e+00
-1.000000000000000000e+00 -1.000000000000000000e+00 1.950000000000000000e+02 9.580208029795329594e-01 3.421750627898837660e+00
0.000000000000000000e+00 -1.000000000000000000e+00 2.210000000000000000e+02 9.201914780873994282e-01 3.418035546686012616e+00
1.000000000000000000e+00 -1.000000000000000000e+00 2.490000000000000000e+02 8.744869748088555106e-01 3.414328862237458573e+00
2.000000000000000000e+00 -1.000000000000000000e+00 2.710000000000000000e+02 8.381530598389996811e-01 3.349326640844060066e+00
3.000000000000000000e+00 -1.000000000000000000e+00 2.940000000000000000e+02 8.099805034328000364e-01 3.346768019562196272e+00
4.000000000000000000e+00 -1.000000000000000000e+00 3.110000000000000000e+02 7.853485326707457803e-01 3.344548136594913679e+00
5.000000000000000000e+00 -2.000000000000000000e+00 2.620000000000000000e+02 8.167863221126785422e-01 3.349794214751708576e+00
4.000000000000000000e+00 -2.000000000000000000e+00 2.510000000000000000e+02 8.332779897166084915e-01 3.415571321732670640e+00
3.000000000000000000e+00 -2.000000000000000000e+00 2.370000000000000000e+02 8.464651827558754560e-01 3.417950137241421160e+00
2.000000000000000000e+00 -2.000000000000000000e+00 2.160000000000000000e+02 8.813431762376886525e-01 3.421361162445005100e+00
1.000000000000000000e+00 -2.000000000000000000e+00 1.930000000000000000e+02 9.337994528749845591e-01 3.424137797339847911e+00
-0.000000000000000000e+00 -2.000000000000000000e+00 1.730000000000000000e+02 9.537059354649110032e-01 3.427324969874161020e+00
-1.000000000000000000e+00 -2.000000000000000000e+00 1.540000000000000000e+02 9.743689419820846798e-01 3.430242305379591183e+00
-2.000000000000000000e+00 -2.000000000000000000e+00 1.360000000000000000e+02 9.977066936045940748e-01 3.430207311015289307e+00
-3.000000000000000000e+00 -2.000000000000000000e+00 1.210000000000000000e+02 9.989490061564088030e-01 3.433972335923695773e+00
-4.000000000000000000e+00 -2.000000000000000000e+00 9.900000000000000000e+01 9.005692821235181666e-01 3.349060068051676886e+00
-5.000000000000000000e+00 -3.000000000000000000e+00 8.800000000000000000e+01 9.559436131698906269e-01 3.352609088569055373e+00
-4.000000000000000000e+00 -3.000000000000000000e+00 1.030000000000000000e+02 9.711839947832031639e-01 3.431356753971840590e+00
-3.000000000000000000e+00 -3.000000000000000000e+00 1.220000000000000000e+02 9.926305400981160210e-01 3.431562318617768614e+00
-2.000000000000000000e+00 -3.000000000000000000e+00 1.350000000000000000e+02 9.746520975867408731e-01 3.425179799067449071e+00
-1.000000000000000000e+00 -3.000000000000000000e+00 1.510000000000000000e+02 9.562982720790208502e-01 3.426039753241660435e+00
0.000000000000000000e+00 -3.000000000000000000e+00 1.660000000000000000e+02 9.251947827017639181e-01 3.428016673450260399e+00
1.000000000000000000e+00 -3.000000000000000000e+00 1.840000000000000000e+02 9.026265088154077354e-01 3.424041907583102784e+00
2.000000000000000000e+00 -3.000000000000000000e+00 1.960000000000000000e+02 8.819815691155786785e-01 3.422787883385096652e+00
3.000000000000000000e+00 -3.000000000000000000e+00 2.080000000000000000e+02 8.379527909293905674e-01 3.423939206593048290e+00
4.000000000000000000e+00 -3.000000000000000000e+00 2.210000000000000000e+02 8.168662694375590227e-01 3.422716660247846043e+00
5.000000000000000000e+00 -4.000000000000000000e+00 3.090000000000000000e+02 7.704220951765142766e-01 3.449702104782448320e+00
4.000000000000000000e+00 -4.000000000000000000e+00 3.760000000000000000e+02 4.170811264894933590e-01 3.462434574150710542e+00
3.000000000000000000e+00 -4.000000000000000000e+00 3.370000000000000000e+02 5.025790898071159640e-01 3.358853937974503712e+00
2.000000000000000000e+00 -4.000000000000000000e+00 3.240000000000000000e+02 5.025790898071159640e-01 3.358853937974503712e+00
1.000000000000000000e+00 -4.000000000000000000e+00 2.880000000000000000e+02 5.938002117032581406e-01 3.359395133582205428e+00
-0.000000000000000000e+00 -4.000000000000000000e+00 2.690000000000000000e+02 6.606102739146126890e-01 3.357191714907740376e+00
-1.000000000000000000e+00 -4.000000000000000000e+00 2.580000000000000000e+02 8.028793309376944798e-01 3.457064377779594189e+00
-2.000000000000000000e+00 -4.000000000000000000e+00 2.530000000000000000e+02 8.791928855387215469e-01 3.457014876556275151e+00
-3.000000000000000000e+00 -4.000000000000000000e+00 2.460000000000000000e+02 1.002899447476399697e+00 3.461060722324224237e+00
-4.000000000000000000e+00 -4.000000000000000000e+00 2.470000000000000000e+02 1.122997737963612686e+00 3.564686959051332149e+00
