-5.000000000000000000e+00 5.000000000000000000e+00 2.400000000000000000e+02 6.188044152619851523e-01 3.256293981816803296e+00
-4.000000000000000000e+00 5.000000000000000000e+00 2.710000000000000000e+02 7.188354442801481170e-01 3.338615845137722360e+00
-3.000000000000000000e+00 5.000000000000000000e+00 3.200000000000000000e+02 8.268355918353887946e-01 3.330906939606403938e+00
-2.000000000000000000e+00 5.000000000000000000e+00 3.890000000000000000e+02 8.602696604100028566e-01 3.331192345178325187e+00
-1.000000000000000000e+00 5.000000000000000000e+00 4.600000000000000000e+02 8.448197669969933488e-01 3.323901191082390572e+00
0.000000000000000000e+00 5.000000000000000000e+00 5.120000000000000000e+02 8.111657345346356962e-01 3.247187070085211680e+00
1.000000000000000000e+00 5.000000000000000000e+00 5.400000000000000000e+02 7.385402514837831056e-01 3.239567036407359879e+00
2.000000000000000000e+00 5.000000000000000000e+00 5.580000000000000000e+02 5.610186125646483557e-01 3.228861796473395440e+00
3.000000000000000000e+00 5.000000000000000000e+00 5.670000000000000000e+02 4.407262746200700243e-01 3.162240905854090567e+00
4.000000000000000000e+00 5.000000000000000000e+00 5.710000000000000000e+02 4.109795481513021098e-01 3.157114157195957116e+00
5.000000000000000000e+00 4.000000000000000000e+00 5.510000000000000000e+02 4.335103948284514397e-01 3.156550093345112717e+00
4.000000000000000000e+00 4.000000000000000000e+00 5.470000000000000000e+02 4.785243728223252946e-01 3.157395426206841549e+00
3.000000000000000000e+00 4.000000000000000000e+00 5.410000000000000000e+02 5.831706697390540706e-01 3.158569679044050726e+00
2.000000000000000000e+00 4.000000000000000000e+00 5.250000000000000000e+02 6.751121547041371018e-01 3.159692330838853369e+00
1.000000000000000000e+00 4.000000000000000000e+00 4.990000000000000000e+02 7.670324313794728566e-01 3.251854396067326736e+00
-0.000000000000000000e+00 4.000000000000000000e+00 4.460000000000000000e+02 8.265963038352391878e-01 3.252737157695746895e+00
-1.000000000000000000e+00 4.000000000000000000e+00 3.830000000000000000e+02 8.292643595112429988e-01 3.254174771251422627e+00
-2.000000000000000000e+00 4.000000000000000000e+00 3.180000000000000000e+02 8.017623334483756636e-01 3.254662271856523237e+00
-3.000000000000000000e+00 4.000000000000000000e+00 2.490000000000000000e+02 7.524438716916200809e-01 3.253955919097752059e+00
-4.000000000000000000e+00 4.000000000000000000e+00 2.040000000000000000e+02 7.147440528787865066e-01 3.347367228550260698e+00
-5.000000000000000000e+00 3.000000000000000000e+00 1.920000000000000000e+02 7.523328636076713760e-01 3.347675742194226256e+00
-4.000000000000000000e+00 3.000000000000000000e+00 2.350000000000000000e+02 8.072789032801623854e-01 3.344557904612730503e+00
-3.000000000000000000e+00 3.000000000000000000e+00 2.990000000000000000e+02 8.489639903388588316e-01 3.344798649812605884e+00
-2.000000000000000000e+00 3.000000000000000000e+00 3.570000000000000000e+02 8.655435499593003845e-01 3.343124122639834717e+00
-1.000000000000000000e+00 3.000000000000000000e+00 4.130000000000000000e+02 8.731912422199676893e-01 3.342827547419121359e+00
0.000000000000000000e+00 3.000000000000000000e+00 4.570000000000000000e+02 8.508602726773036862e-01 3.335928813607228260e+00
1.000000000000000000e+00 3.000000000000000000e+00 4.920000000000000000e+02 8.208676259690701471e-01 3.321738101013212319e+00
2.000000000000000000e+00 3.000000000000000000e+00 5.090000000000000000e+02 7.708192096975934327e-01 3.247071847996322091e+00
3.000000000000000000e+00 3.000000000000000000e+00 5.110000000000000000e+02 7.017126789388097308e-01 3.239511786562089046e+00
4.000000000000000000e+00 3.000000000000000000e+00 5.040000000000000000e+02 5.953551817982596361e-01 3.235001163232371635e+00
5.000000000000000000e+00 2.000000000000000000e+00 4.720000000000000000e+02 6.624250343105043681e-01 3.245808895853520060e+00
4.000000000000000000e+00 2.000000000000000000e+00 4.710000000000000000e+02 7.450445537867090851e-01 3.249063274551216907e+00
3.000000000000000000e+00 2.000000000000000000e+00 4.620000000000000000e+02 7.896074207225102226e-01 3.251724109738422186e+00
2.000000000000000000e+00 2.000000000000000000e+00 4.390000000000000000e+02 8.552517044209301256e-01 3.253235979924880894e+00
1.000000000000000000e+00 2.000000000000000000e+00 4.090000000000000000e+02 8.893108603033692550e-01 3.255387539675048458e+00
-0.000000000000000000e+00 2.000000000000000000e+00 3.690000000000000000e+02 9.023075553517564407e-01 3.255908311815970180e+00
-1.000000000000000000e+00 2.000000000000000000e+00 3.250000000000000000e+02 9.045396312283847662e-01 3.255826929937012171e+00
-2.000000000000000000e+00 2.000000000000000000e+00 2.730000000000000000e+02 8.817568834813674927e-01 3.256105043524891052e+00
-3.000000000000000000e+00 2.000000000000000000e+00 2.210000000000000000e+02 8.251036303984073950e-01 3.347036077511580388e+00
-4.000000000000000000e+00 2.000000000000000000e+00 1.810000000000000000e+02 7.797705542220951802e-01 3.347232580402233815e+00
-5.000000000000000000e+00 1.000000000000000000e+00 1.680000000000000000e+02 8.485059304481148423e-01 3.349937837055309675e+00
-4.000000000000000000e+00 1.000000000000000000e+00 2.050000000000000000e+02 9.012172158346594131e-01 3.351230340069205837e+00
-3.000000000000000000e+00 1.000000000000000000e+00 2.480000000000000000e+02 9.381543642313578957e-01 3.351228814556090008e+00
-2.000000000000000000e+00 1.000000000000000000e+00 2.910000000000000000e+02 9.393969385709018960e-01 3.351528044513242932e+00
-1.000000000000000000e+00 1.000000000000000000e+00 3.290000000000000000e+02 9.470565695096178072e-01 3.351228222654512479e+00
0.000000000000000000e+00 1.000000000000000000e+00 3.620000000000000000e+02 9.345444445818988921e-01 3.350195167887272341e+00
1.000000000000000000e+00 1.000000000000000000e+00 3.940000000000000000e+02 9.064662222099216793e-01 3.347715973727663386e+00
2.000000000000000000e+00 1.000000000000000000e+00 4.160000000000000000e+02 8.698691233450420723e-01 3.342396655666642680e+00
3.000000000000000000e+00 1.000000000000000000e+00 4.290000000000000000e+02 8.224701600463938389e-01 3.335404432738353186e+00
4.000000000000000000e+00 1.000000000000000000e+00 4.330000000000000000e+02 7.894636510835719712e-01 3.326572102936618869e+00
5.000000000000000000e+00 -0.000000000000000000e+00 3.810000000000000000e+02 8.525778968774827549e-01 3.341113890523851104e+00
4.000000000000000000e+00 -0.000000000000000000e+00 3.760000000000000000e+02 8.904701932658760644e-01 3.345280842889647666e+00
3.000000000000000000e+00 -0.000000000000000000e+00 3.630000000000000000e+02 9.302017310571396580e-01 3.348499057600749396e+00
2.000000000000000000e+00 -0.000000000000000000e+00 3.420000000000000000e+02 9.698894554619001962e-01 3.350381911351482778e+00
1.000000000000000000e+00 -0.000000000000000000e+00 3.170000000000000000e+02 9.879544018871722066e-01 3.351863423423173671e+00
-0.000000000000000000e+00 -0.000000000000000000e+00 2.840000000000000000e+02 9.957053012260099756e-01 3.353698167999512592e+00
-1.000000000000000000e+00 -0.000000000000000000e+00 2.540000000000000000e+02 9.891434774158943677e-01 3.352612466030021388e+00
-2.000000000000000000e+00 -0.000000000000000000e+00 2.210000000000000000e+02 9.638616928352479185e-01 3.352548376849632916e+00
-3.000000000000000000e+00 -0.000000000000000000e+00 1.880000000000000000e+02 9.336303225762470070e-01 3.352434959314737561e+00
-4.000000000000000000e+00 -0.000000000000000000e+00 1.570000000000000000e+02 8.934901532758845466e-01 3.348452727227565262e+00
-5.000000000000000000e+00 -1.000000000000000000e+00 1.480000000000000000e+02 9.092141237158112288e-01 3.428051374973146714e+00
-4.000000000000000000e+00 -1.000000000000000000e+00 1.740000000000000000e+02 9.539758385884774539e-01 3.432196415364197506e+00
-3.000000000000000000e+00 -1.000000000000000000e+00 1.990000000000000000e+02 9.784837658370708624e-01 3.429651700687397664e+00
-2.000000000000000000e+00 -1.000000000000000000e+00 2.220000000000000000e+02 1.018543949350822819e+00 3.438127610282561974e+00
-1.000000000000000000e+00 -1.000000000000000000e+00 2.500000000000000000e+02 1.027977861027780104e+00 3.436974092915094037e+00
0.000000000000000000e+00 -1.000000000000000000e+00 2.740000000000000000e+02 1.022760722896590480e+00 3.435241202338756850e+00
1.000000000000000000e+00 -1.000000000000000000e+00 2.980000000000000000e+02 1.003959941104308529e+00 3.432751318689994502e+00
2.000000000000000000e+00 -1.000000000000000000e+00 3.170000000000000000e+02 9.756659699794598684e-01 3.425170140997913393e+00
3.000000000000000000e+00 -1.000000000000000000e+00 3.280000000000000000e+02 9.510764980414578851e-01 3.349907777959222344e+00
4.000000000000000000e+00 -1.000000000000000000e+00 3.280000000000000000e+02 9.270307698583946099e-01 3.347594809778482450e+00
5.000000000000000000e+00 -2.000000000000000000e+00 2.760000000000000000e+02 9.886940370927744803e-01 3.351327281365926058e+00
4.000000000000000000e+00 -2.000000000000000000e+00 2.720000000000000000e+02 1.007932436614297211e+00 3.352367428582652575e+00
3.000000000000000000e+00 -2.000000000000000000e+00 2.610000000000000000e+02 1.041248528376856441e+00 3.352842701391510971e+00
2.000000000000000000e+00 -2.000000000000000000e+00 2.500000000000000000e+02 1.054573746574955617e+00 3.353297227943927261e+00
1.000000000000000000e+00 -2.000000000000000000e+00 2.340000000000000000e+02 1.047510463875751308e+00 3.354088725855664421e+00
-0.000000000000000000e+00 -2.000000000000000000e+00 2.140000000000000000e+02 1.040701805851498074e+00 3.354904974865116074e+00
-1.000000000000000000e+00 -2.000000000000000000e+00 1.940000000000000000e+02 1.026795685950721904e+00 3.355179834720215304e+00
-2.000000000000000000e+00 -2.000000000000000000e+00 1.730000000000000000e+02 1.004562666104484858e+00 3.353993344201613436e+00
-3.000000000000000000e+00 -2.000000000000000000e+00 1.560000000000000000e+02 9.690490153206886559e-01 3.352177876335828532e+00
-4.000000000000000000e+00 -2.000000000000000000e+00 1.360000000000000000e+02 9.404729705898091652e-01 3.351945448261860694e+00
-5.000000000000000000e+00 -3.000000000000000000e+00 1.210000000000000000e+02 9.507449357254352806e-01 3.354611309133070485e+00
-4.000000000000000000e+00 -3.000000000000000000e+00 1.390000000000000000e+02 9.789260864683688723e-01 3.434015402972096620e+00
-3.000000000000000000e+00 -3.000000000000000000e+00 1.550000000000000000e+02 9.878142495153658942e-01 3.437204371167029926e+00
-2.000000000000000000e+00 -3.000000000000000000e+00 1.720000000000000000e+02 9.975734860461139553e-01 3.437901057450108322e+00
-1.000000000000000000e+00 -3.000000000000000000e+00 1.880000000000000000e+02 1.016334075265656001e+00 3.438162294015608467e+00
0.000000000000000000e+00 -3.000000000000000000e+00 2.020000000000000000e+02 1.031163626935908573e+00 3.439047349501930029e+00
1.000000000000000000e+00 -3.000000000000000000e+00 2.140000000000000000e+02 1.043702153250674058e+00 3.439425099781022510e+00
2.000000000000000000e+00 -3.000000000000000000e+00 2.230000000000000000e+02 1.049105466233438699e+00 3.438329936371972817e+00
3.000000000000000000e+00 -3.000000000000000000e+00 2.300000000000000000e+02 1.040987714920314833e+00 3.436252562718240977e+00
4.000000000000000000e+00 -3.000000000000000000e+00 2.330000000000000000e+02 1.030782209819012252e+00 3.432375103191189325e+00
5.000000000000000000e+00 -4.000000000000000000e+00 2.020000000000000000e+02 1.050277189229579911e+00 3.436256571074363997e+00
4.000000000000000000e+00 -4.000000000000000000e+00 1.870000000000000000e+02 1.096408595708473488e+00 3.427754679724577258e+00
3.000000000000000000e+00 -4.000000000000000000e+00 1.930000000000000000e+02 1.043865570640756024e+00 3.435535637494702144e+00
2.000000000000000000e+00 -4.000000000000000000e+00 1.870000000000000000e+02 1.023275598334491665e+00 3.434987142933410897e+00
1.000000000000000000e+00 -4.000000000000000000e+00 1.760000000000000000e+02 1.011564896191869511e+00 3.434786744146569148e+00
-0.000000000000000000e+00 -4.000000000000000000e+00 1.640000000000000000e+02 1.004790810744025098e+00 3.434782844383544642e+00
-1.000000000000000000e+00 -4.000000000000000000e+00 1.520000000000000000e+02 9.810505728181226903e-01 3.435756613624262545e+00
-2.000000000000000000e+00 -4.000000000000000000e+00 1.400000000000000000e+02 9.813829388384642805e-01 3.436738961923561320e+00
-3.000000000000000000e+00 -4.000000000000000000e+00 1.270000000000000000e+02 9.742546494326365103e-01 3.437763001457206258e+00
-4.000000000000000000e+00 -4.000000000000000000e+00 1.120000000000000000e+02 9.700078967468801494e-01 3.436690889533704052e+00
