-5.000000000000000000e+00 5.000000000000000000e+00 2.030000000000000000e+02 9.975283936238183990e-01 3.251023416730857818e+00
-4.000000000000000000e+00 5.000000000000000000e+00 2.570000000000000000e+02 9.709375292481854380e-01 3.255856656953206141e+00
-3.000000000000000000e+00 5.000000000000000000e+00 2.920000000000000000e+02 9.457094599747807306e-01 3.256417299169575230e+00
-2.000000000000000000e+00 5.000000000000000000e+00 3.280000000000000000e+02 9.207624774854877847e-01 3.329535405642666923e+00
-1.000000000000000000e+00 5.000000000000000000e+00 3.600000000000000000e+02 8.413422240749632852e-01 3.288929426201531392e+00
0.000000000000000000e+00 5.000000000000000000e+00 3.780000000000000000e+02 5.169404630760691122e-01 3.160987524477853583e+00
1.000000000000000000e+00 5.000000000000000000e+00 3.970000000000000000e+02 3.488974817363042491e-01 3.159612759666868165e+00
2.000000000000000000e+00 5.000000000000000000e+00 4.310000000000000000e+02 3.302042049098689036e-01 3.155985069288710143e+00
3.000000000000000000e+00 5.000000000000000000e+00 4.610000000000000000e+02 3.341819366496046051e-01 3.153559223849299986e+00
4.000000000000000000e+00 5.000000000000000000e+00 4.720000000000000000e+02 3.415330170726649239e-01 3.154445607258986151e+00
5.000000000000000000e+00 4.000000000000000000e+00 4.670000000000000000e+02 3.453715641589024665e-01 3.154438257295645087e+00
4.000000000000000000e+00 4.000000000000000000e+00 4.480000000000000000e+02 3.561510485960034944e-01 3.155996640219414395e+00
3.000000000000000000e+00 4.000000000000000000e+00 4.210000000000000000e+02 3.759438788028499623e-01 3.159158952421142530e+00
2.000000000000000000e+00 4.000000000000000000e+00 3.970000000000000000e+02 4.100530664840286721e-01 3.161194303325536303e+00
1.000000000000000000e+00 4.000000000000000000e+00 3.810000000000000000e+02 4.766397314601794055e-01 3.162156686746756318e+00
-0.000000000000000000e+00 4.000000000000000000e+00 3.530000000000000000e+02 8.595650516229701443e-01 3.253955449848686676e+00
-1.000000000000000000e+00 4.000000000000000000e+00 3.180000000000000000e+02 9.194786026935967138e-01 3.257450162831912799e+00
-2.000000000000000000e+00 4.000000000000000000e+00 2.790000000000000000e+02 9.527878881732119165e-01 3.343982208357055619e+00
-3.000000000000000000e+00 4.000000000000000000e+00 2.390000000000000000e+02 9.837726399064598004e-01 3.350543922983630019e+00
-4.000000000000000000e+00 4.000000000000000000e+00 2.100000000000000000e+02 9.730733340442853097e-01 3.347209303782656686e+00
-5.000000000000000000e+00 3.000000000000000000e+00 2.000000000000000000e+02 1.001047341755118225e+00 3.348982231026636835e+00
-4.000000000000000000e+00 3.000000000000000000e+00 2.300000000000000000e+02 1.015993258670366384e+00 3.353272505281329252e+00
-3.000000000000000000e+00 3.000000000000000000e+00 2.710000000000000000e+02 9.788211327262950068e-01 3.349838206521058126e+00
-2.000000000000000000e+00 3.000000000000000000e+00 3.090000000000000000e+02 9.557745547017039156e-01 3.350254653271110605e+00
-1.000000000000000000e+00 3.000000000000000000e+00 3.420000000000000000e+02 9.244642913577878485e-01 3.339333735453146268e+00
0.000000000000000000e+00 3.000000000000000000e+00 3.720000000000000000e+02 8.812863685773493216e-01 3.326216902530378494e+00
1.000000000000000000e+00 3.000000000000000000e+00 3.900000000000000000e+02 8.153286798172358907e-01 3.252135900645078515e+00
2.000000000000000000e+00 3.000000000000000000e+00 3.990000000000000000e+02 7.959794772261034046e-01 3.242585682012755655e+00
3.000000000000000000e+00 3.000000000000000000e+00 4.080000000000000000e+02 7.866146294864492239e-01 3.229704547029186301e+00
4.000000000000000000e+00 3.000000000000000000e+00 4.160000000000000000e+02 7.996931097388929599e-01 3.218121239323447291e+00
5.000000000000000000e+00 2.000000000000000000e+00 4.000000000000000000e+02 8.196135994762697718e-01 3.242364544828694406e+00
4.000000000000000000e+00 2.000000000000000000e+00 3.970000000000000000e+02 8.558198314409495300e-01 3.248701551253415420e+00
3.000000000000000000e+00 2.000000000000000000e+00 3.890000000000000000e+02 8.907313095782758428e-01 3.253996236901079975e+00
2.000000000000000000e+00 2.000000000000000000e+00 3.710000000000000000e+02 9.385567462791225557e-01 3.256258362870737333e+00
1.000000000000000000e+00 2.000000000000000000e+00 3.440000000000000000e+02 9.831466369868291366e-01 3.256866780651765492e+00
-0.000000000000000000e+00 2.000000000000000000e+00 3.140000000000000000e+02 9.957784561066267415e-01 3.351155202679772849e+00
-1.000000000000000000e+00 2.000000000000000000e+00 2.830000000000000000e+02 1.022132297740149687e+00 3.352944298061185435e+00
-2.000000000000000000e+00 2.000000000000000000e+00 2.500000000000000000e+02 1.036013598464179397e+00 3.354044207757488127e+00
-3.000000000000000000e+00 2.000000000000000000e+00 2.170000000000000000e+02 1.030694700934330577e+00 3.354886924620901212e+00
-4.000000000000000000e+00 2.000000000000000000e+00 1.910000000000000000e+02 1.032616588354222431e+00 3.353538299743416662e+00
-5.000000000000000000e+00 1.000000000000000000e+00 1.770000000000000000e+02 1.093785514105509948e+00 3.354147545897372851e+00
-4.000000000000000000e+00 1.000000000000000000e+00 2.110000000000000000e+02 1.078191563784107299e+00 3.356017917278654838e+00
-3.000000000000000000e+00 1.000000000000000000e+00 2.450000000000000000e+02 1.036196613267477140e+00 3.441920616856993576e+00
-2.000000000000000000e+00 1.000000000000000000e+00 2.790000000000000000e+02 1.015641828868369956e+00 3.436874247516568559e+00
-1.000000000000000000e+00 1.000000000000000000e+00 3.070000000000000000e+02 1.000177598490605391e+00 3.432379367613668464e+00
0.000000000000000000e+00 1.000000000000000000e+00 3.260000000000000000e+02 9.960227302894451018e-01 3.353418682044707388e+00
1.000000000000000000e+00 1.000000000000000000e+00 3.530000000000000000e+02 9.513969091298253300e-01 3.348022575395113165e+00
2.000000000000000000e+00 1.000000000000000000e+00 3.760000000000000000e+02 8.902223056732878614e-01 3.344372907310390275e+00
3.000000000000000000e+00 1.000000000000000000e+00 3.930000000000000000e+02 8.593862155082796495e-01 3.337747896888768384e+00
4.000000000000000000e+00 1.000000000000000000e+00 3.950000000000000000e+02 8.523395569164067265e-01 3.326293711792179142e+00
5.000000000000000000e+00 -0.000000000000000000e+00 3.660000000000000000e+02 9.212757913889046968e-01 3.348316184917692340e+00
4.000000000000000000e+00 -0.000000000000000000e+00 3.580000000000000000e+02 9.591283733790776367e-01 3.350937966399920143e+00
3.000000000000000000e+00 -0.000000000000000000e+00 3.440000000000000000e+02 1.005469474873088132e+00 3.353300067600665901e+00
2.000000000000000000e+00 -0.000000000000000000e+00 3.210000000000000000e+02 1.034020867563689272e+00 3.355362357698851827e+00
1.000000000000000000e+00 -0.000000000000000000e+00 2.990000000000000000e+02 1.052907375969109882e+00 3.357833711145628008e+00
-0.000000000000000000e+00 -0.000000000000000000e+00 2.700000000000000000e+02 1.084903289858857756e+00 3.357801733367778318e+00
-1.000000000000000000e+00 -0.000000000000000000e+00 2.440000000000000000e+02 1.117355982718311935e+00 3.357998883224853515e+00
-2.000000000000000000e+00 -0.000000000000000000e+00 2.160000000000000000e+02 1.127401214314443623e+00 3.453226144757354010e+00
-3.000000000000000000e+00 -0.000000000000000000e+00 1.930000000000000000e+02 1.129279998559588272e+00 3.448707664209483159e+00
-4.000000000000000000e+00 -0.000000000000000000e+00 1.680000000000000000e+02 1.136453636215435381e+00 3.447848270362226852e+00
-5.000000000000000000e+00 -1.000000000000000000e+00 1.610000000000000000e+02 1.166727888254339263e+00 3.452186203115418017e+00
-4.000000000000000000e+00 -1.000000000000000000e+00 1.820000000000000000e+02 1.168632516530556664e+00 3.454768756623720183e+00
-3.000000000000000000e+00 -1.000000000000000000e+00 2.040000000000000000e+02 1.163815625366249495e+00 3.455545517645382425e+00
-2.000000000000000000e+00 -1.000000000000000000e+00 2.300000000000000000e+02 1.142211794895062749e+00 3.457311282738610547e+00
-1.000000000000000000e+00 -1.000000000000000000e+00 2.550000000000000000e+02 1.128523927203304078e+00 3.456362431787874279e+00
0.000000000000000000e+00 -1.000000000000000000e+00 2.700000000000000000e+02 1.113066513332344742e+00 3.452091724920633986e+00
1.000000000000000000e+00 -1.000000000000000000e+00 2.920000000000000000e+02 1.090014517142761985e+00 3.451698308103736679e+00
2.000000000000000000e+00 -1.000000000000000000e+00 3.130000000000000000e+02 1.054680385365849071e+00 3.446789511301936226e+00
3.000000000000000000e+00 -1.000000000000000000e+00 3.230000000000000000e+02 1.025346539688045011e+00 3.438060007647091965e+00
4.000000000000000000e+00 -1.000000000000000000e+00 3.280000000000000000e+02 1.004828350128609715e+00 3.428339101746154860e+00
5.000000000000000000e+00 -2.000000000000000000e+00 2.860000000000000000e+02 1.073761582117360502e+00 3.448671363207740814e+00
4.000000000000000000e+00 -2.000000000000000000e+00 2.800000000000000000e+02 1.111831673090720507e+00 3.451900808014412014e+00
3.000000000000000000e+00 -2.000000000000000000e+00 2.710000000000000000e+02 1.140903420280613423e+00 3.453770244564146719e+00
2.000000000000000000e+00 -2.000000000000000000e+00 2.570000000000000000e+02 1.158735661703496067e+00 3.455119494677108882e+00
1.000000000000000000e+00 -2.000000000000000000e+00 2.410000000000000000e+02 1.172004268635586266e+00 3.458134214512840199e+00
-0.000000000000000000e+00 -2.000000000000000000e+00 2.200000000000000000e+02 1.193882691199267043e+00 3.459312762558873544e+00
-1.000000000000000000e+00 -2.000000000000000000e+00 2.000000000000000000e+02 1.207626703999386653e+00 3.457533017248183072e+00
-2.000000000000000000e+00 -2.000000000000000000e+00 1.830000000000000000e+02 1.212185907653485106e+00 3.457300216025268380e+00
-3.000000000000000000e+00 -2.000000000000000000e+00 1.680000000000000000e+02 1.194175328099733147e+00 3.457493388755085384e+00
-4.000000000000000000e+00 -2.000000000000000000e+00 1.530000000000000000e+02 1.193136599303903589e+00 3.453570578944886282e+00
-5.000000000000000000e+00 -3.000000000000000000e+00 1.430000000000000000e+02 1.197825671766751032e+00 3.452556476473541025e+00
-4.000000000000000000e+00 -3.000000000000000000e+00 1.560000000000000000e+02 1.197253434416963858e+00 3.455168460282622700e+00
-3.000000000000000000e+00 -3.000000000000000000e+00 1.700000000000000000e+02 1.186023068569880934e+00 3.457466455937761918e+00
-2.000000000000000000e+00 -3.000000000000000000e+00 1.840000000000000000e+02 1.177450302203987054e+00 3.457257944453369980e+00
-1.000000000000000000e+00 -3.000000000000000000e+00 1.990000000000000000e+02 1.172772885699123524e+00 3.457109963800307995e+00
0.000000000000000000e+00 -3.000000000000000000e+00 2.160000000000000000e+02 1.175215547226101886e+00 3.458406649588162907e+00
1.000000000000000000e+00 -3.000000000000000000e+00 2.310000000000000000e+02 1.173664128431059828e+00 3.459327019022524041e+00
2.000000000000000000e+00 -3.000000000000000000e+00 2.400000000000000000e+02 1.176348400170645014e+00 3.459918746591552630e+00
3.000000000000000000e+00 -3.000000000000000000e+00 2.460000000000000000e+02 1.162837145742319223e+00 3.458742772274515431e+00
4.000000000000000000e+00 -3.000000000000000000e+00 2.500000000000000000e+02 1.140536759383067755e+00 3.456678995043212854e+00
5.000000000000000000e+00 -4.000000000000000000e+00 2.220000000000000000e+02 1.187619242138093778e+00 3.460403408121275781e+00
4.000000000000000000e+00 -4.000000000000000000e+00 2.200000000000000000e+02 1.199411012516358177e+00 3.460513407235593419e+00
3.000000000000000000e+00 -4.000000000000000000e+00 2.120000000000000000e+02 1.202162834713104145e+00 3.459584881304087922e+00
2.000000000000000000e+00 -4.000000000000000000e+00 2.030000000000000000e+02 1.177159724300632426e+00 3.457079077813467460e+00
1.000000000000000000e+00 -4.000000000000000000e+00 1.880000000000000000e+02 1.159810075261510587e+00 3.453129426034003302e+00
-0.000000000000000000e+00 -4.000000000000000000e+00 1.780000000000000000e+02 1.133902443706655827e+00 3.452096755199052680e+00
-1.000000000000000000e+00 -4.000000000000000000e+00 1.670000000000000000e+02 1.128569323071358710e+00 3.452561113691873018e+00
-2.000000000000000000e+00 -4.000000000000000000e+00 1.570000000000000000e+02 1.138638483710857630e+00 3.453189316643300977e+00
-3.000000000000000000e+00 -4.000000000000000000e+00 1.450000000000000000e+02 1.167949896630855022e+00 3.452792608496646931e+00
-4.000000000000000000e+00 -4.000000000000000000e+00 1.330000000000000000e+02 1.195848194116318375e+00 3.453402203787880431e+00
